old_temp <- list(vernalis = matrix(c(23.9055117247673, 13.8118084911297, 12.395148388163,
                         22.9315579039777, 14.7414916837016, 13.1477490678641, 23.8612410965496,
                         15.5383629916204, 11.1113001698495, 25.4107130841694, 13.1920196960818,
                         13.6789966064766, 23.3299935579371, 14.2987854015245, 8.85349813074633,
                         23.0200991604132, 16.3795049277568, 8.05662682282757, 22.0904159678413,
                         16.2466930431037, 9.11912190005258, 24.7466536609038, 14.7857623119193,
                         9.87172257975363, 12.6607721574693, 17.5305412614173, 22.2232278524944,
                         13.2805609525172, 19.389907646561, 21.2935446599225, 13.5461847218235,
                         19.4341782747787, 22.1789572242767, 13.3248315807349, 17.1321056074579,
                         20.8065677495277, 13.5019140936058, 16.51231681241, 22.0461453396236,
                         11.5982770802443, 17.9289769153766, 21.3378152881402, 10.3586994901484,
                         20.1425083262621, 22.0904159678413, 13.1477490678641, 17.6633531460704,
                         19.6112607876496, 18.327412569336, 20.1867789544798, 11.0670295416318,
                         17.2206468638933, 21.9133334549704, 10.4472407465838, 19.1685545054725,
                         21.4263565445756, 11.0670295416318, 19.2128251336902, 21.2492740317048,
                         10.7571351441078, 12.6607721574693, 17.5305412614173, 22.2232278524944,
                         13.2805609525172, 19.389907646561, 21.2935446599225, 13.5461847218235,
                         19.4341782747787, 22.1789572242767, 13.3248315807349, 17.1321056074579,
                         20.8065677495277, 12.6607721574693, 17.5305412614173, 22.2232278524944,
                         13.2805609525172, 19.389907646561, 21.2935446599225, 13.5461847218235,
                         19.4341782747787, 22.1789572242767, 13.3248315807349, 17.1321056074579,
                         20.8065677495277, 12.6607721574693, 17.5305412614173, 22.2232278524944,
                         13.2805609525172, 19.389907646561, 21.2935446599225, 13.5461847218235,
                         19.4341782747787, 22.1789572242767, 13.3248315807349, 17.1321056074579,
                         20.8065677495277, 23.9055117247673, 13.8118084911297, 12.395148388163,
                         22.9315579039777, 14.7414916837016, 13.1477490678641, 23.8612410965496,
                         15.5383629916204, 11.1113001698495, 25.4107130841694, 13.1920196960818,
                         13.6789966064766, 13.2805609525172, 11.332653310938, 25.5877955970403,
                         14.8743035683547, 12.7493134139047, 23.5513466990257, 12.2180658752922,
                         13.5904553500412, 23.5956173272434, 14.5644091708308, 14.1217028886537,
                         21.8690628267527, 20.8951090059631, 19.1242838772548, 9.51755755401196,
                         19.5227195312142, 20.2310495826975, 8.6764156178755, 22.0904159678413,
                         21.3820859163579, 9.73891069510051, 22.2674984807121, 20.8065677495277,
                         9.07485127183487, 13.2805609525172, 11.332653310938, 25.5877955970403,
                         14.8743035683547, 12.7493134139047, 23.5513466990257, 12.2180658752922,
                         13.5904553500412, 23.5956173272434, 14.5644091708308, 14.1217028886537,
                         21.8690628267527, 20.7180264930923, 11.7753595931151, 18.9914719926017,
                         22.9758285321955, 12.0409833624214, 18.8143894797308, 21.7805215703173,
                         13.5904553500412, 18.8586601079485, 20.8065677495277, 12.0852539906391,
                         16.1581517866683, 25.0122774302101, 12.6165015292516, 16.51231681241,
                         21.6034390574465, 12.5279602728162, 17.3534587485464, 20.3195908391329,
                         11.642547708462, 17.7518944025058, 22.5331222500184, 11.2883826827203,
                         18.327412569336, 20.7180264930923, 11.7753595931151, 18.9914719926017,
                         22.9758285321955, 12.0409833624214, 18.8143894797308, 21.7805215703173,
                         13.5904553500412, 18.8586601079485, 20.8065677495277, 12.0852539906391,
                         16.1581517866683, 13.2805609525172, 11.332653310938, 25.5877955970403,
                         14.8743035683547, 12.7493134139047, 23.5513466990257, 12.2180658752922,
                         13.5904553500412, 23.5956173272434, 14.5644091708308, 14.1217028886537,
                         21.8690628267527, 10.7128645158901, 20.8508383777454, 20.8065677495277,
                         11.9524421059859, 21.5148978010111, 18.8143894797308, 10.1373463490599,
                         22.2232278524944, 18.327412569336, 10.8899470287609, 22.4445809935829,
                         17.6190825178527, 10.7128645158901, 20.8508383777454, 20.8065677495277,
                         11.9524421059859, 21.5148978010111, 18.8143894797308, 10.1373463490599,
                         22.2232278524944, 18.327412569336, 10.8899470287609, 22.4445809935829,
                         17.6190825178527, 18.327412569336, 20.1867789544798, 11.0670295416318,
                         17.2206468638933, 21.9133334549704, 10.4472407465838, 19.1685545054725,
                         21.4263565445756, 11.0670295416318, 19.2128251336902, 21.2492740317048,
                         10.7571351441078, 23.9055117247673, 13.8118084911297, 12.395148388163,
                         22.9315579039777, 14.7414916837016, 13.1477490678641, 23.8612410965496,
                         15.5383629916204, 11.1113001698495, 25.4107130841694, 13.1920196960818,
                         13.6789966064766), ncol = 20 ),